3660
3852
140680
55544
10075
6856
25946
2077
1947
7536
55652
8581
1639
7351
163732
9830
23650
1489
8342
4192
63916
6649
84662
11270
4641
645296
860
29992
5763
7083
6091
7916
4967
3853
23125
3164
5268
126526
283106
27301
387893
7919
51282
3728
4288
1832
1825
3976
51073
9242
3164
7832
85480
2909
7726
1984
219699
65083
3868
27245
89853
7422
92579
7249
4501
6601
79966
3909
114757
1465
79823
3861
3914
810
8425
10921
54676
8291
8546
60672
5338
3860
10581
8079
8273
5293
1294
63894
3914
55131
8348
6366
9374
81876
2030
114823
284058
92335
81929
5754
948
158586
4237
113189
728113
517
7376
9191
25953
3178
5783
57591
6132
8061
4502
84447
1440
90993
6891
8626
2770
84330
3419
93624
10919
5788
2907
84876
7177
64708
1822
10322
949
3038
10630
9261
9794
23300
488
6845
51816
6227
55904
4831
64919
10616
285367
27141
4074
6275
8407
92181
57506
83442
56944
23299
864
7423
334
6352
197342
3553
10509
5818
29767
5879
8832
347734
27350
8877
389015
2706
9373
85027
8365
25900
50626
22985
64359
3779
64129
55787
857
10848
8480
1209
2305
84331
283638
23334
835
6614
4782
3059
9547
677775
58506
5450
4221
65125
126374
29079
399844
55243
440400
57658
392
112939
8904
3429
6402
1912
27434
9469
124565
26985
9968
7326
114904
573
100008589
8626
63874
3487
8341
10927
23295
4784
23371
6035
55041
11187
9677
64598
113000
6538
83483
2186
54883
7477
376497
3561
51347
9817
858
410
80019
5698
23677
253980
27351
6714
7920
81848
7422
10865
8451
84548
1469
64319
2014
5339
8336
388962
85358
8784
1890
84985
493
9948
79815
84266
10554
54436
9883
10482
60468
199953
388962
23400
65095
55690
2548
5921
11313
4363
9540
649446
81628
54877
55194
80176
83786
2005
53335
93649
51540
29941
968
4841
91010
375056
8013
6136
4059
85377
1292
283459
226
10128
51131
241
2006
55558
10312
9631
79627
50509
218
29785
26805
51622
11328
5305
9938
5339
55009
4495
114836
56886
84376
5681
6992
328
83746
51645
10865
219988
3916
3421
6688
7474
57026
23650
26781
91304
4668
6723
8514
978
8898
348180
5002
9583
26229
80235
55262
6293
5933
23612
5983
22880
3930
53637
22794
6239
3437
3094
10398
6591
1535
3364
22818
22883
23250
5349
3936
57579
3778
25903
84632
85365
6273
10312
84221
22924
3937
5315
30834
404672
10725
51082
55331
3939
3712
23428
5326
84973
283377
9448
23403
51339
3909
10093
116113
7976
9862
3159
51094
114897
51313
5818
81893
80194
9343
8799
9577
54897
124637
8916
55239
84858
440836
8625
5937
58497
23616
8409
54841
4600
3963
163227
81618
1606
606500
57699
83855
10482
5910
8804
51271
91833
1192
4363
104
6934
619565
80213
6261
1351
100652781
8334
6748
4041
84174
23291
152687
1856
57104
10487
11273
7305
116224
22919
6137
1890
8831
64919
83595
266727
85439
23166
1933
10274
127687
116143
4440
3995
79875
4609
4064
84335
51246
23096
714
8361
692213
51199
4968
30011
2644
51606
65003
375061
3702
339390
6714
81554
163590
84818
9581
3687
51131
25792
116540
4038
6944
143888
4289
10580
51592
23255
55612
286102
53916
207
6764
55353
83879
9470
6347
2193
25942
80206
5878
11117
440563
4257
84628
81488
9779
1289
54863
9076
10454
677850
57805
284370
5476
9572
81606
96459
55367
5786
2000
57804
56915
57414
3038
51278
10106
145864
4247
7332
55364
3557
9537
10477
998
4343
9019
10772
5518
5345
3384
26985
8623
6650
84971
9219
147495
89790
54733
100008588
65059
9344
406988
3691
10238
26469
57178
80346
2550
662
6598
6624
8237
